1.0,0.9885493516921997,0.988639235496521,0.990048885345459,0.9877488017082214,0.9884133338928223,0.9894720315933228,0.9871233701705933,0.9941597580909729,0.9935621619224548,0.9555930495262146,0.9940096139907837,0.9697301983833313,0.992774486541748,0.9885659217834473,0.9887959957122803,0.9844335913658142,0.9761979579925537,0.9756140112876892,0.9671947956085205,0.9672675728797913,0.9672675728797913,0.9900314807891846,0.9918361902236938,0.9906865358352661,0.9917147755622864,0.9711534976959229,0.9910123944282532,0.9896529316902161,0.9883994460105896,0.9943283200263977,0.9943247437477112,0.9825387001037598,0.986066460609436,0.983254075050354,0.9760431051254272,0.9957990646362305,0.9855406880378723,0.9892966747283936,0.9855097532272339,0.9888050556182861,0.9890452027320862,0.9926103353500366,0.9875653982162476,0.9900681376457214,0.9869672656059265,0.9864587187767029,0.9913468360900879,0.9919566512107849,0.9882209897041321,0.9858533143997192,0.9759253859519958,0.9859520196914673,0.9880342483520508,0.9880290627479553,0.987500786781311,0.9593890309333801,0.9804881811141968,0.9814397096633911,0.9783263802528381,0.9749550223350525,0.9831386804580688,0.9830892086029053,0.9916202425956726,0.9889816641807556,0.9850667715072632,0.9821029901504517,0.9896602630615234,0.9872232675552368,0.9915943145751953,0.9896312355995178,0.9833627343177795,0.9762904644012451,0.9874746799468994,0.9872586131095886,0.9819600582122803,0.9901266098022461,0.9899547100067139,0.9870389699935913,0.9904766082763672,0.9863452911376953,0.9917795658111572,0.9861800670623779,0.9820648431777954,0.9873959422111511,0.9870778918266296,0.9847270846366882,0.9909810423851013,0.9814460873603821,0.9861896634101868,0.9867687225341797,0.9876222610473633,0.9907159209251404,0.9882305264472961,0.990658164024353,0.9890033006668091,0.962517499923706,0.9872031807899475,0.9921658635139465,0.9902588129043579,0.9909486770629883
0.9885493516921997,1.0000001192092896,0.999988317489624,0.9979979991912842,0.9999253749847412,0.9988676905632019,0.9981522560119629,0.9974405765533447,0.9829380512237549,0.9823426008224487,0.922404944896698,0.9920103549957275,0.9380579590797424,0.9825292825698853,0.9765875935554504,0.9766037464141846,0.9605897068977356,0.950367271900177,0.9512152671813965,0.9775230884552002,0.977678656578064,0.977678656578064,0.984446108341217,0.9891254305839539,0.9901477098464966,0.9892975091934204,0.9438000321388245,0.9782675504684448,0.9718583822250366,0.9707273244857788,0.9758322834968567,0.9759151935577393,0.9586679935455322,0.99029541015625,0.9574967622756958,0.9466639757156372,0.9817566275596619,0.994239330291748,0.9758133888244629,0.9607540369033813,0.9651389718055725,0.965726375579834,0.9760228395462036,0.9629411697387695,0.9687075018882751,0.9636119604110718,0.9634440541267395,0.9804834723472595,0.9824973940849304,0.98265540599823,0.9664613008499146,0.9465394616127014,0.9663769602775574,0.9697774648666382,0.9698244333267212,0.9709842801094055,0.9315868616104126,0.9818133115768433,0.9600992202758789,0.9527148008346558,0.9494838118553162,0.9766258001327515,0.9769382476806641,0.9805434346199036,0.9872797131538391,0.9846187829971313,0.9759910106658936,0.9763273596763611,0.9640719294548035,0.9711270332336426,0.9670284986495972,0.9542713761329651,0.9817383289337158,0.9619138240814209,0.9624546766281128,0.9560782313346863,0.9784274101257324,0.9789499640464783,0.962471067905426,0.9783885478973389,0.9678003191947937,0.9705171585083008,0.9907805919647217,0.9769039154052734,0.964091420173645,0.9624777436256409,0.9555284380912781,0.9888644218444824,0.9550842046737671,0.9628431797027588,0.9629964828491211,0.9642804861068726,0.9790701866149902,0.9673369526863098,0.9684305191040039,0.9669822454452515,0.9342084527015686,0.9629271030426025,0.9730088114738464,0.9934539198875427,0.9870296120643616
0.988639235496521,0.999988317489624,1.0,0.9980534911155701,0.9999037981033325,0.9989024996757507,0.9981871247291565,0.9974511861801147,0.9830134510993958,0.9823935627937317,0.9224809408187866,0.9920800924301147,0.9382110834121704,0.9825979471206665,0.9766678810119629,0.9766919612884521,0.9607203006744385,0.9505292177200317,0.9513875246047974,0.9774376153945923,0.9775933623313904,0.9775933623313904,0.9844776391983032,0.9891701936721802,0.9901856184005737,0.9893499612808228,0.9439592957496643,0.9782959818840027,0.9719969034194946,0.9708654284477234,0.9758973121643066,0.9759775996208191,0.9588525295257568,0.9902446269989014,0.9576687216758728,0.9468517303466797,0.9818686246871948,0.9942099452018738,0.9758589863777161,0.9609671831130981,0.9653388857841492,0.9659246206283569,0.976128876209259,0.9631723165512085,0.9688943028450012,0.9637811183929443,0.9636146426200867,0.9806923866271973,0.9826841354370117,0.9827998876571655,0.966684877872467,0.9467076659202576,0.9665992259979248,0.9699762463569641,0.9700155854225159,0.971128523349762,0.9317172169685364,0.9818539619445801,0.9602136015892029,0.9529091119766235,0.9496809840202332,0.9766967296600342,0.9770122766494751,0.9807665944099426,0.9873249530792236,0.9846735000610352,0.976075291633606,0.976468563079834,0.9643058180809021,0.9713139533996582,0.9672056436538696,0.9544703960418701,0.9817193150520325,0.9620893001556396,0.9626743793487549,0.9562602043151855,0.978556752204895,0.9790642261505127,0.9626482129096985,0.9784970283508301,0.9679631590843201,0.9706851243972778,0.9907966256141663,0.9769665002822876,0.9643301367759705,0.9626533389091492,0.9557197093963623,0.9889508485794067,0.9552913308143616,0.9630465507507324,0.9632343649864197,0.9645146727561951,0.9791733622550964,0.9675002098083496,0.9686061143875122,0.9671461582183838,0.9343491792678833,0.9631330370903015,0.9731668829917908,0.9936152696609497,0.9871097803115845
0.990048885345459,0.9979979991912842,0.9980534911155701,1.000000238418579,0.9977236986160278,0.9991328716278076,0.9993265867233276,0.9986861944198608,0.9866161346435547,0.9844585061073303,0.9254154562950134,0.9929414987564087,0.9409586191177368,0.985568106174469,0.9791723489761353,0.9793645739555359,0.9654054641723633,0.9540364742279053,0.9548785090446472,0.9789617657661438,0.9791154265403748,0.9791154265403748,0.9865727424621582,0.990012526512146,0.9912552833557129,0.9904038906097412,0.9460926651954651,0.9804739952087402,0.9745284914970398,0.9732654690742493,0.9781413674354553,0.9782311916351318,0.9616820812225342,0.9909283518791199,0.9635869264602661,0.9507818818092346,0.983799934387207,0.9936533570289612,0.9759293794631958,0.9639942049980164,0.9700133204460144,0.9704954028129578,0.9789021015167236,0.9692760705947876,0.9753046035766602,0.9668809771537781,0.9667699933052063,0.9864777326583862,0.9881413578987122,0.9848853349685669,0.9676815867424011,0.9502188563346863,0.9675761461257935,0.9709565043449402,0.9708656668663025,0.9719610810279846,0.9357993602752686,0.9815793633460999,0.9645609855651855,0.9572475552558899,0.9541462063789368,0.9774949550628662,0.9779086112976074,0.9836413264274597,0.9892656207084656,0.9865841865539551,0.9743700623512268,0.9810686707496643,0.969025731086731,0.9751802682876587,0.9711710810661316,0.957708477973938,0.9813475608825684,0.9669960737228394,0.9677453637123108,0.9611721038818359,0.9803366661071777,0.9809306859970093,0.9676022529602051,0.98027104139328,0.9710054397583008,0.9750921726226807,0.9903213381767273,0.9784904718399048,0.9695475697517395,0.9675646424293518,0.9615678787231445,0.9916459321975708,0.9592085480690002,0.9666939973831177,0.968711256980896,0.9698846936225891,0.9806134104728699,0.9706798195838928,0.9724060297012329,0.9717714190483093,0.9374682307243347,0.9685009717941284,0.9776573777198792,0.9958946108818054,0.9902796745300293
0.9877488017082214,0.9999253749847412,0.9999037981033325,0.9977236986160278,1.0000001192092896,0.9986028671264648,0.9978523254394531,0.9972171783447266,0.9823309779167175,0.9819263815879822,0.9216966032981873,0.9915271401405334,0.9370131492614746,0.9821693897247314,0.9761616587638855,0.9761805534362793,0.9597851634025574,0.9496892094612122,0.9506509304046631,0.9780822992324829,0.9782306551933289,0.9782306551933289,0.9841547012329102,0.9888707399368286,0.9899537563323975,0.9890131950378418,0.9429681897163391,0.9775850772857666,0.9710591435432434,0.9699711203575134,0.9749197959899902,0.9750158190727234,0.9575717449188232,0.9904798269271851,0.9565289616584778,0.9456113576889038,0.9809733033180237,0.9943946599960327,0.9753605127334595,0.9591464400291443,0.9636881351470947,0.9643270373344421,0.9751437306404114,0.9612656831741333,0.9674689769744873,0.9627155065536499,0.9626198410987854,0.9795657396316528,0.9816410541534424,0.9823828339576721,0.9650917053222656,0.9456248879432678,0.9649960398674011,0.9687985777854919,0.9688542485237122,0.9699902534484863,0.9310801029205322,0.981631338596344,0.9596000909805298,0.951972484588623,0.9487931728363037,0.9760513305664062,0.9764158129692078,0.9792800545692444,0.9871432781219482,0.9846346974372864,0.9755415320396423,0.9755663275718689,0.9623275995254517,0.9698442816734314,0.9656702280044556,0.952939510345459,0.9818563461303711,0.9605120420455933,0.960976243019104,0.955268919467926,0.9776269197463989,0.9781792163848877,0.9610227346420288,0.9775913953781128,0.9667688608169556,0.9691855907440186,0.9909030199050903,0.9764870405197144,0.9626956582069397,0.9610166549682617,0.9541423320770264,0.9881203174591064,0.953168511390686,0.9612411260604858,0.9615598320960999,0.9628979563713074,0.9783142805099487,0.9659767150878906,0.967204749584198,0.9656099081039429,0.9336212873458862,0.9614245891571045,0.9717457890510559,0.9929815530776978,0.9867118000984192
0.9884133338928223,0.9988676905632019,0.9989024996757507,0.9991328716278076,0.9986028671264648,0.9999999403953552,0.9993637800216675,0.9988898038864136,0.984012246131897,0.9818652272224426,0.9209981560707092,0.9920967817306519,0.9374193549156189,0.9832810759544373,0.9759142398834229,0.9759690165519714,0.960959792137146,0.9497948288917542,0.9505884647369385,0.9774383306503296,0.9776512384414673,0.9776512384414673,0.9849243760108948,0.9888225793838501,0.9899799823760986,0.989183783531189,0.9427048563957214,0.9791024327278137,0.9724599719047546,0.9711452126502991,0.9757841229438782,0.9758410453796387,0.9584933519363403,0.9900679588317871,0.9589697122573853,0.947115957736969,0.9819861650466919,0.9934411644935608,0.9746251106262207,0.9622067213058472,0.9675124883651733,0.9679012298583984,0.9771946668624878,0.9661993384361267,0.9709892868995667,0.9642054438591003,0.9638266563415527,0.9837998151779175,0.985874354839325,0.9816426038742065,0.9662660956382751,0.9458000659942627,0.9662042856216431,0.9685351848602295,0.9685923457145691,0.9717829823493958,0.9299298524856567,0.982982337474823,0.9590451717376709,0.9517867565155029,0.94841068983078,0.9784194231033325,0.9787548184394836,0.9818084239959717,0.9864970445632935,0.9832184314727783,0.9762066602706909,0.9791148900985718,0.967076301574707,0.9728647470474243,0.9688690900802612,0.954698920249939,0.982877254486084,0.9639076590538025,0.9647407531738281,0.9555317163467407,0.9803783297538757,0.9809942841529846,0.9651504158973694,0.9802868962287903,0.9700021147727966,0.9724510908126831,0.9897244572639465,0.9789318442344666,0.9669796228408813,0.9651769399642944,0.9578857421875,0.991513729095459,0.9580851793289185,0.9655839204788208,0.9661127924919128,0.9671586155891418,0.9807649254798889,0.9696950316429138,0.9697821140289307,0.9698404669761658,0.9324194192886353,0.9655944108963013,0.9754396677017212,0.9944818019866943,0.988366961479187
0.9894720315933228,0.9981522560119629,0.9981871247291565,0.9993265867233276,0.9978523254394531,0.9993637800216675,0.9999999403953552,0.9995730519294739,0.9858341217041016,0.9828231334686279,0.922502875328064,0.9923394322395325,0.939250648021698,0.985103964805603,0.9773609638214111,0.9775353670120239,0.9635540246963501,0.951795756816864,0.9528135657310486,0.9784146547317505,0.9786325693130493,0.9786325693130493,0.9868507385253906,0.9899119734764099,0.9911478161811829,0.9904347658157349,0.9449713230133057,0.9806817770004272,0.974055826663971,0.9726499319076538,0.9774263501167297,0.977479100227356,0.9597857594490051,0.9913662075996399,0.9624173045158386,0.9490108489990234,0.9830939769744873,0.9934622049331665,0.9751307964324951,0.9638910889625549,0.9704021215438843,0.9707419872283936,0.9790240526199341,0.9689473509788513,0.9743624329566956,0.9666274785995483,0.9661779999732971,0.9855569005012512,0.9874987602233887,0.9823628067970276,0.9660829305648804,0.9477002620697021,0.9660253524780273,0.9686909317970276,0.9687036871910095,0.9731655716896057,0.9317142963409424,0.9844685196876526,0.9613214731216431,0.9539909362792969,0.950524628162384,0.9803760051727295,0.9807248115539551,0.9823150038719177,0.9875035285949707,0.9841630458831787,0.9766494035720825,0.9821272492408752,0.9693388938903809,0.9749380350112915,0.9714961647987366,0.9567233324050903,0.9844882488250732,0.966938316822052,0.9677167534828186,0.9580309391021729,0.9823051691055298,0.9830216765403748,0.9680991768836975,0.9822020530700684,0.972675621509552,0.9746718406677246,0.9903178811073303,0.9811332821846008,0.9700260162353516,0.9681099653244019,0.9607864022254944,0.9927951097488403,0.9600275754928589,0.967984676361084,0.9692937135696411,0.9701777696609497,0.9825845956802368,0.9720755815505981,0.9713811278343201,0.9728387594223022,0.933936595916748,0.9688128232955933,0.9782805442810059,0.9952448010444641,0.9905990362167358
0.9871233701705933,0.9974405765533447,0.9974511861801147,0.9986861944198608,0.9972171783447266,0.9988898038864136,0.9995730519294739,1.0,0.9845110177993774,0.9800857901573181,0.9179753065109253,0.9903585910797119,0.934743344783783,0.9837321043014526,0.9741019010543823,0.9742467403411865,0.9599871635437012,0.9477579593658447,0.9487009644508362,0.9803053736686707,0.9805407524108887,0.9805407524108887,0.9855641722679138,0.9882907867431641,0.9899061918258667,0.9890962839126587,0.9401818513870239,0.9789310097694397,0.9709532260894775,0.9693491458892822,0.9750184416770935,0.9750838279724121,0.9554718732833862,0.9908640384674072,0.9602978229522705,0.9446603059768677,0.9805206060409546,0.9932806491851807,0.9720233082771301,0.9599760174751282,0.9679859280586243,0.9681768417358398,0.9767155647277832,0.9666301012039185,0.9724029898643494,0.9633204340934753,0.9626996517181396,0.9843164682388306,0.9865742921829224,0.9798294305801392,0.9612587690353394,0.9432191848754883,0.9611915349960327,0.9639529585838318,0.9639597535133362,0.9701677560806274,0.9268555641174316,0.9844430685043335,0.9572381377220154,0.9493678212165833,0.9456070065498352,0.9801551699638367,0.9805472493171692,0.9783744812011719,0.9858511686325073,0.981945276260376,0.9744082689285278,0.9814084768295288,0.9670815467834473,0.9723283052444458,0.9693078994750977,0.9528830647468567,0.9857409596443176,0.9652585983276367,0.9652971029281616,0.9540054798126221,0.9811290502548218,0.9822235107421875,0.9663988351821899,0.9813228845596313,0.9714149832725525,0.9720653295516968,0.9897171258926392,0.9812177419662476,0.9685922861099243,0.9663941264152527,0.9581700563430786,0.9929530620574951,0.9577609300613403,0.9657764434814453,0.9679879546165466,0.9687317609786987,0.9816615581512451,0.9704688787460327,0.9678000211715698,0.9716914892196655,0.9289082288742065,0.9670566916465759,0.9763004779815674,0.9944714307785034,0.9896042346954346
0.9941597580909729,0.9829380512237549,0.9830134510993958,0.9866161346435547,0.9823309779167175,0.984012246131897,0.9858341217041016,0.9845110177993774,0.9999998807907104,0.9904536008834839,0.9585651159286499,0.9932239055633545,0.9690450429916382,0.9964127540588379,0.9904435873031616,0.9906481504440308,0.9869287610054016,0.9773118495941162,0.9773041605949402,0.9754230380058289,0.9754352569580078,0.9754352569580078,0.9927583336830139,0.9935550093650818,0.9930367469787598,0.9935499429702759,0.9707024693489075,0.9927510619163513,0.9902483224868774,0.9891905784606934,0.9920937418937683,0.9921934604644775,0.9804880023002625,0.9899817705154419,0.9877576231956482,0.9745511412620544,0.9921460151672363,0.9837967157363892,0.987727701663971,0.9799195528030396,0.9868566989898682,0.9872819781303406,0.9910977482795715,0.9860286712646484,0.9909727573394775,0.9857089519500732,0.9855434894561768,0.9930762052536011,0.9938236474990845,0.9880570769309998,0.9771658778190613,0.9734362363815308,0.9771478176116943,0.9817235469818115,0.9814384579658508,0.981177568435669,0.9652546644210815,0.9779891967773438,0.9816426038742065,0.9772350788116455,0.9745861887931824,0.9814261198043823,0.9819057583808899,0.9851436018943787,0.9921731948852539,0.9884468913078308,0.9748938083648682,0.9918090105056763,0.9820331335067749,0.9875694513320923,0.9874491691589355,0.9788892269134521,0.977113664150238,0.9880250096321106,0.986438512802124,0.9837188720703125,0.9884745478630066,0.9888237714767456,0.9861375689506531,0.9892237782478333,0.9841518402099609,0.9891789555549622,0.986375629901886,0.9820588231086731,0.987275242805481,0.9860250353813171,0.9839457273483276,0.9899562001228333,0.9770761132240295,0.9803826808929443,0.9869157075881958,0.9876120686531067,0.9893409609794617,0.98360276222229,0.9858872890472412,0.9876704216003418,0.9638457298278809,0.986007571220398,0.9905782341957092,0.9899665117263794,0.9926332235336304
0.9935621619224548,0.9823426008224487,0.9823935627937317,0.9844585061073303,0.9819263815879822,0.9818652272224426,0.9828231334686279,0.9800857901573181,0.9904536008834839,1.0,0.9680700302124023,0.9915608763694763,0.9759112596511841,0.9908424615859985,0.9911216497421265,0.9910643100738525,0.9858446717262268,0.982162356376648,0.981862485408783,0.9689746499061584,0.9689270853996277,0.9689270853996277,0.990212619304657,0.9915706515312195,0.9903093576431274,0.990888237953186,0.9770551919937134,0.9913178086280823,0.9908580780029297,0.9907087087631226,0.9913949966430664,0.991477906703949,0.9838380217552185,0.9861831665039062,0.9814648628234863,0.9823406338691711,0.9951441287994385,0.9857973456382751,0.9937055110931396,0.9822444915771484,0.9841419458389282,0.9851884841918945,0.9908636808395386,0.9817602038383484,0.9859717488288879,0.9861488342285156,0.986341118812561,0.9849748611450195,0.9858928918838501,0.9908342361450195,0.985358715057373,0.9819449186325073,0.9854007363319397,0.9901384115219116,0.9901430606842041,0.9859302043914795,0.9700341820716858,0.975592315196991,0.9888671636581421,0.9853633046150208,0.9838061332702637,0.9763661026954651,0.9766343235969543,0.9871871471405029,0.9894826412200928,0.9874617457389832,0.9799671173095703,0.9854742288589478,0.9798119068145752,0.9875890016555786,0.9839495420455933,0.9833314418792725,0.9714934825897217,0.980616569519043,0.9816735982894897,0.9863311648368835,0.9843242764472961,0.9832512736320496,0.9797669649124146,0.983824610710144,0.9801549911499023,0.9875245690345764,0.9866978526115417,0.9764834642410278,0.9796275496482849,0.9797804951667786,0.9839173555374146,0.983555793762207,0.9721536636352539,0.9791838526725769,0.9782268404960632,0.9799372553825378,0.9842433333396912,0.9808304309844971,0.9905921816825867,0.9815393686294556,0.9737483859062195,0.979923665523529,0.9866210222244263,0.9846771359443665,0.9885291457176208
0.9555930495262146,0.922404944896698,0.9224809408187866,0.9254154562950134,0.9216966032981873,0.9209981560707092,0.922502875328064,0.9179753065109253,0.9585651159286499,0.9680700302124023,1.0000001192092896,0.9502712488174438,0.987260639667511,0.9608428478240967,0.966820240020752,0.9662534594535828,0.9748309850692749,0.9858595132827759,0.9839332103729248,0.9280023574829102,0.9277627468109131,0.9277627468109131,0.9563384056091309,0.9552819728851318,0.9510409832000732,0.9538361430168152,0.98708176612854,0.9692361354827881,0.97651207447052,0.9778986573219299,0.968826413154602,0.9689227342605591,0.9798520803451538,0.9443501234054565,0.9696131944656372,0.9880837202072144,0.9632672071456909,0.9308581352233887,0.9750940799713135,0.9668800234794617,0.9657238721847534,0.9674341082572937,0.9683836698532104,0.9585996866226196,0.9594618082046509,0.9743690490722656,0.9754374027252197,0.9424871206283569,0.944016695022583,0.9572685956954956,0.9652040600776672,0.9852702617645264,0.9653753042221069,0.972328782081604,0.9721724390983582,0.959082841873169,0.9885645508766174,0.9260155558586121,0.976300835609436,0.9804354310035706,0.9808381199836731,0.9349818825721741,0.9357908368110657,0.9476750493049622,0.9519205093383789,0.9512602090835571,0.9421793222427368,0.9517890214920044,0.9524856209754944,0.9623007774353027,0.9610236883163452,0.9756805300712585,0.9216963648796082,0.9621533155441284,0.9629684090614319,0.978453516960144,0.9506323933601379,0.9483190774917603,0.9588345885276794,0.9502354264259338,0.9522391557693481,0.9629297256469727,0.9423302412033081,0.9336234331130981,0.9547243118286133,0.9587129950523376,0.9734904766082764,0.9314415454864502,0.9528441429138184,0.953310489654541,0.9531455039978027,0.9552862644195557,0.9505146741867065,0.9533591866493225,0.9695120453834534,0.955349326133728,0.9894769191741943,0.9563894271850586,0.9580758213996887,0.9284404516220093,0.9475628137588501
0.9940096139907837,0.9920103549957275,0.9920800924301147,0.9929414987564087,0.9915271401405334,0.9920967817306519,0.9923394322395325,0.9903585910797119,0.9932239055633545,0.9915608763694763,0.9502712488174438,1.0,0.963882565498352,0.993078351020813,0.9895681738853455,0.9895159006118774,0.9795615077018738,0.9722722172737122,0.9724794030189514,0.9763017892837524,0.9763630032539368,0.9763630032539368,0.9925298094749451,0.995434582233429,0.9951172471046448,0.9951280355453491,0.9667453169822693,0.9912059903144836,0.9885782599449158,0.987932562828064,0.9881629347801208,0.9882796406745911,0.9798256158828735,0.9923608303070068,0.9745843410491943,0.9694806337356567,0.9916769862174988,0.9913148880004883,0.9889240860939026,0.9786832928657532,0.9817990064620972,0.9825882911682129,0.9887903928756714,0.9791027307510376,0.9837820529937744,0.9810892343521118,0.9812267422676086,0.9893636107444763,0.9904696941375732,0.990803599357605,0.9821928143501282,0.9694193601608276,0.9820955395698547,0.9859441518783569,0.9859734177589417,0.9816626906394958,0.9586974382400513,0.979927122592926,0.9779325127601624,0.9740756154060364,0.9718642830848694,0.9793683290481567,0.9797126054763794,0.9896296262741089,0.9935307502746582,0.990880012512207,0.9789292812347412,0.9851676821708679,0.9777430891990662,0.98478102684021,0.9818085432052612,0.9742692112922668,0.9779811501502991,0.9779680967330933,0.9799820184707642,0.9766918420791626,0.9853261113166809,0.9850072860717773,0.9781185388565063,0.9848639965057373,0.9781678915023804,0.9851941466331482,0.9910148978233337,0.97902512550354,0.978252112865448,0.978012204170227,0.9743083715438843,0.9898881912231445,0.9717579483985901,0.9760876893997192,0.9771519899368286,0.9785395860671997,0.9855130910873413,0.9784220457077026,0.9842658638954163,0.9799757599830627,0.9608699083328247,0.9776479005813599,0.9857904314994812,0.9938158988952637,0.9921556115150452
0.9697301983833313,0.9380579590797424,0.9382110834121704,0.9409586191177368,0.9370131492614746,0.9374193549156189,0.939250648021698,0.934743344783783,0.9690450429916382,0.9759112596511841,0.987260639667511,0.963882565498352,1.0,0.9710485339164734,0.9752123951911926,0.9750033617019653,0.9843900203704834,0.9924086928367615,0.9898472428321838,0.9340319633483887,0.9339372515678406,0.9339372515678406,0.9676787257194519,0.9653312563896179,0.9608146548271179,0.9621602296829224,0.9876080751419067,0.9764765501022339,0.983466625213623,0.9838472008705139,0.9777757525444031,0.9777815937995911,0.9878731966018677,0.9530067443847656,0.978409469127655,0.9926412105560303,0.9766690731048584,0.9446407556533813,0.9822567701339722,0.981503427028656,0.9794145822525024,0.9804182052612305,0.9817629456520081,0.9761073589324951,0.9752659201622009,0.9881801009178162,0.9884229898452759,0.9609899520874023,0.9603316187858582,0.9673676490783691,0.9797991514205933,0.9932423233985901,0.9798464179039001,0.9840196371078491,0.9842103719711304,0.9781891107559204,0.9840995073318481,0.9469623565673828,0.9829084873199463,0.9872311949729919,0.986621081829071,0.9549487233161926,0.9552372097969055,0.9663240313529968,0.9613778591156006,0.9596425294876099,0.9614792466163635,0.9665899872779846,0.9715970754623413,0.9785162210464478,0.977239191532135,0.9892804026603699,0.9395313262939453,0.9760112762451172,0.9797841906547546,0.9855484962463379,0.9681912660598755,0.9655568599700928,0.9751983880996704,0.9669485092163086,0.9703699946403503,0.9781317710876465,0.9533476233482361,0.9524491429328918,0.9709235429763794,0.9752411842346191,0.984332263469696,0.9504602551460266,0.9710288047790527,0.9730733036994934,0.9695939421653748,0.9707843661308289,0.9673503637313843,0.9704865217208862,0.9829394817352295,0.9718032479286194,0.9935011863708496,0.9743983745574951,0.975634753704071,0.9469977617263794,0.9608883261680603
0.992774486541748,0.9825292825698853,0.9825979471206665,0.985568106174469,0.9821693897247314,0.9832810759544373,0.985103964805603,0.9837321043014526,0.9964127540588379,0.9908424615859985,0.9608428478240967,0.993078351020813,0.9710485339164734,1.0,0.9888354539871216,0.9889574646949768,0.9854469895362854,0.9812318086624146,0.9817097783088684,0.9748072028160095,0.9747816324234009,0.9747816324234009,0.9944547414779663,0.9936426877975464,0.9928532838821411,0.9933507442474365,0.9736445546150208,0.9936548471450806,0.9924644231796265,0.9915646910667419,0.990145206451416,0.9902326464653015,0.9807040691375732,0.9908248782157898,0.9855023622512817,0.9763445854187012,0.9914557933807373,0.9836878180503845,0.9903768301010132,0.9783236980438232,0.9868195652961731,0.9873909950256348,0.99163818359375,0.9832488894462585,0.9888655543327332,0.9879724383354187,0.9877601861953735,0.9902054071426392,0.9914725422859192,0.9868632555007935,0.9763070344924927,0.9762709736824036,0.9763660430908203,0.981708824634552,0.9815416932106018,0.9838431477546692,0.9648817181587219,0.981412410736084,0.9811289310455322,0.9790458679199219,0.9765162467956543,0.9845796823501587,0.9851371049880981,0.9823875427246094,0.9906442165374756,0.9862809777259827,0.9792999029159546,0.9932254552841187,0.9809273481369019,0.9878681302070618,0.9877076745033264,0.9792742729187012,0.9806168675422668,0.9853824973106384,0.9853262305259705,0.9822389483451843,0.990462064743042,0.9904106855392456,0.9857883453369141,0.9905421733856201,0.9869345426559448,0.9879610538482666,0.9866611957550049,0.9848605990409851,0.9863892197608948,0.9855951070785522,0.9828709959983826,0.9886997938156128,0.9753575325012207,0.9811534881591797,0.9856582283973694,0.986671507358551,0.9906788468360901,0.9845817685127258,0.9850146770477295,0.9867618680000305,0.9672832489013672,0.9843528866767883,0.989921510219574,0.9880121946334839,0.9932271838188171
0.9885659217834473,0.9765875935554504,0.9766678810119629,0.9791723489761353,0.9761616587638855,0.9759142398834229,0.9773609638214111,0.9741019010543823,0.9904435873031616,0.9911216497421265,0.966820240020752,0.9895681738853455,0.9752123951911926,0.9888354539871216,1.0000001192092896,0.9997771978378296,0.9934160709381104,0.9810066819190979,0.9815351963043213,0.9687381386756897,0.9687230587005615,0.9687230587005615,0.9907112121582031,0.9912490844726562,0.9899673461914062,0.9895907044410706,0.9792953729629517,0.9903017282485962,0.9888694882392883,0.9890421628952026,0.9898774027824402,0.9899857640266418,0.9855942130088806,0.9860725402832031,0.9822802543640137,0.9810187816619873,0.9896448850631714,0.9804781079292297,0.9889612197875977,0.9765900373458862,0.9811254739761353,0.9825392961502075,0.9887533783912659,0.9783101677894592,0.9853048920631409,0.9864501953125,0.987433910369873,0.9824524521827698,0.982836127281189,0.9902211427688599,0.9797846674919128,0.9799680709838867,0.9796220064163208,0.9869279861450195,0.9870359897613525,0.9787717461585999,0.978462815284729,0.9687712788581848,0.9910895824432373,0.9836235642433167,0.9831788539886475,0.9705129861831665,0.9711807370185852,0.9828636646270752,0.9925967454910278,0.9928878545761108,0.9717659950256348,0.9826673269271851,0.9732602834701538,0.9825880527496338,0.9799962043762207,0.9778832197189331,0.9658941030502319,0.9792569279670715,0.9798146486282349,0.9893863797187805,0.9786722660064697,0.9777857661247253,0.975906252861023,0.9782480001449585,0.9740491509437561,0.9826654195785522,0.9840778112411499,0.9713116884231567,0.9755016565322876,0.9757941961288452,0.9780278205871582,0.9776402711868286,0.9653162956237793,0.9716033339500427,0.9742892980575562,0.9759472608566284,0.9790559411048889,0.9736771583557129,0.984872043132782,0.9772381782531738,0.9758931994438171,0.9769099950790405,0.9829689264297485,0.98207688331604,0.9857714176177979
0.9887959957122803,0.9766037464141846,0.9766919612884521,0.9793645739555359,0.9761805534362793,0.9759690165519714,0.9775353670120239,0.9742467403411865,0.9906481504440308,0.9910643100738525,0.9662534594535828,0.9895159006118774,0.9750033617019653,0.9889574646949768,0.9997771978378296,1.0,0.9933100938796997,0.980760931968689,0.9813039302825928,0.9688182473182678,0.9687959551811218,0.9687959551811218,0.9906306266784668,0.9912680387496948,0.989983320236206,0.9895678758621216,0.9790571331977844,0.9900580644607544,0.9887197017669678,0.9888410568237305,0.9899397492408752,0.9900595545768738,0.9853184223175049,0.9859972596168518,0.9822953343391418,0.9805796146392822,0.9896436929702759,0.9804361462593079,0.9888170957565308,0.9764961004257202,0.9810888171195984,0.9824674129486084,0.9885088205337524,0.9783667922019958,0.9854893684387207,0.9864875078201294,0.9874821901321411,0.9828630685806274,0.9831404685974121,0.990109920501709,0.9796299934387207,0.9798980951309204,0.9794926047325134,0.986770749092102,0.9868531227111816,0.9787076115608215,0.9779451489448547,0.9690520167350769,0.9910567998886108,0.9835110306739807,0.9829822778701782,0.9707920551300049,0.9714529514312744,0.9830290079116821,0.9925727248191833,0.9928964972496033,0.9717985987663269,0.9828401803970337,0.9733898639678955,0.9826761484146118,0.9801438450813293,0.9777436256408691,0.9660882949829102,0.979275107383728,0.9797744750976562,0.9893826842308044,0.9787708520889282,0.9779130220413208,0.9760657548904419,0.9783283472061157,0.9743459224700928,0.9826672673225403,0.9839180707931519,0.9716569781303406,0.9757314920425415,0.9759575724601746,0.9779996871948242,0.9777697324752808,0.9653576612472534,0.9718450903892517,0.9745631217956543,0.9761918783187866,0.9791191816329956,0.9739608764648438,0.9848630428314209,0.9773189425468445,0.975479781627655,0.9769797921180725,0.9831012487411499,0.9823084473609924,0.9858997464179993
0.9844335913658142,0.9605897068977356,0.9607203006744385,0.9654054641723633,0.9597851634025574,0.960959792137146,0.9635540246963501,0.9599871635437012,0.9869287610054016,0.9858446717262268,0.9748309850692749,0.9795615077018738,0.9843900203704834,0.9854469895362854,0.9934160709381104,0.9933100938796997,1.0,0.9873920679092407,0.9869153499603271,0.957086980342865,0.9570232033729553,0.9570232033729553,0.9860806465148926,0.9829102158546448,0.9804869890213013,0.980844259262085,0.9836685061454773,0.9876333475112915,0.9880990386009216,0.9877259731292725,0.9887408018112183,0.9888014793395996,0.9866941571235657,0.9741764068603516,0.9892175793647766,0.9876181483268738,0.986810564994812,0.966026246547699,0.9846996068954468,0.9802282452583313,0.986719012260437,0.9877269268035889,0.9884570240974426,0.9839516878128052,0.9891908168792725,0.9905735850334167,0.9910007119178772,0.9800189733505249,0.9795457720756531,0.9809941649436951,0.9785420894622803,0.9864064455032349,0.9785190224647522,0.9849393367767334,0.9848792552947998,0.9788602590560913,0.9821735620498657,0.9608922600746155,0.990769624710083,0.9869457483291626,0.9857394695281982,0.9673787355422974,0.967994213104248,0.9781792163848877,0.9826743006706238,0.9814585447311401,0.965840220451355,0.9829235672950745,0.9777963161468506,0.9848403334617615,0.9849826693534851,0.9851905107498169,0.9566938281059265,0.9863309860229492,0.9866217970848083,0.9929577708244324,0.9775741100311279,0.9765908718109131,0.9826605319976807,0.9774580597877502,0.9776467084884644,0.9861024022102356,0.9710708856582642,0.9675302505493164,0.9820506572723389,0.9825388789176941,0.9872952103614807,0.971477746963501,0.971768319606781,0.9766184091567993,0.981269359588623,0.982284426689148,0.9779637455940247,0.9770536422729492,0.9876856803894043,0.9822039008140564,0.9823510646820068,0.9838922619819641,0.9856023788452148,0.9715059399604797,0.9793553352355957
0.9761979579925537,0.950367271900177,0.9505292177200317,0.9540364742279053,0.9496892094612122,0.9497948288917542,0.951795756816864,0.9477579593658447,0.9773118495941162,0.982162356376648,0.9858595132827759,0.9722722172737122,0.9924086928367615,0.9812318086624146,0.9810066819190979,0.980760931968689,0.9873920679092407,1.0,0.9987460374832153,0.9477246999740601,0.947573184967041,0.947573184967041,0.9766542911529541,0.9744572639465332,0.9713037014007568,0.9727306365966797,0.9907947778701782,0.9828437566757202,0.9884714484214783,0.9887951612472534,0.9821445941925049,0.982231855392456,0.9877747297286987,0.9661159515380859,0.9841510653495789,0.9921115636825562,0.9805349707603455,0.9551593661308289,0.9870776534080505,0.9798338413238525,0.9819990396499634,0.9832520484924316,0.9854503870010376,0.9768480062484741,0.9795449376106262,0.9902935028076172,0.9908943772315979,0.9683993458747864,0.9689635038375854,0.973607063293457,0.9782235622406006,0.9929949045181274,0.9782270193099976,0.985086977481842,0.9850870370864868,0.9792226552963257,0.9854574203491211,0.9557214379310608,0.986250638961792,0.9897375702857971,0.9891433715820312,0.9618817567825317,0.9624722003936768,0.9702866673469543,0.9714006185531616,0.9702870845794678,0.9655970335006714,0.9754342436790466,0.9730442762374878,0.9820729494094849,0.9814648628234863,0.9873680472373962,0.9503709077835083,0.9780876636505127,0.9809706211090088,0.9881721138954163,0.9741964340209961,0.9723029732704163,0.978726327419281,0.9732140302658081,0.9742838144302368,0.9811678528785706,0.9635352492332458,0.9605032205581665,0.9761624932289124,0.9786128401756287,0.984915018081665,0.9599452614784241,0.9690968990325928,0.9739282131195068,0.9747833013534546,0.9762454032897949,0.9732691645622253,0.9734074473381042,0.9829419255256653,0.9748512506484985,0.9922071695327759,0.9768286943435669,0.9795582294464111,0.9581825137138367,0.9717119932174683
0.9756140112876892,0.9512152671813965,0.9513875246047974,0.9548785090446472,0.9506509304046631,0.9505884647369385,0.9528135657310486,0.9487009644508362,0.9773041605949402,0.981862485408783,0.9839332103729248,0.9724794030189514,0.9898472428321838,0.9817097783088684,0.9815351963043213,0.9813039302825928,0.9869153499603271,0.9987460374832153,1.0000001192092896,0.9491826295852661,0.9490160942077637,0.9490160942077637,0.9774473309516907,0.9750068187713623,0.9719752669334412,0.9732506275177002,0.9903136491775513,0.9825100898742676,0.9883732795715332,0.9887241721153259,0.981462836265564,0.9815356731414795,0.9864003658294678,0.9674555659294128,0.9832400679588318,0.9906744956970215,0.9799098968505859,0.9558050632476807,0.9867393970489502,0.9772908091545105,0.9803978204727173,0.9817407131195068,0.9846276044845581,0.9747076630592346,0.9786832332611084,0.9897084832191467,0.9904991984367371,0.9681390523910522,0.9687207937240601,0.9742422103881836,0.9758337736129761,0.9916632175445557,0.9758603572845459,0.9837064743041992,0.9836502075195312,0.9783124327659607,0.9841984510421753,0.9566370248794556,0.9865416288375854,0.9886838793754578,0.9881324768066406,0.9616691470146179,0.9624123573303223,0.969367504119873,0.9720817804336548,0.9713308811187744,0.9656246900558472,0.9754712581634521,0.9708733558654785,0.9810478091239929,0.9800935983657837,0.984747588634491,0.9516161680221558,0.9760403633117676,0.9790278077125549,0.9871119260787964,0.9738809466362,0.9719557166099548,0.9768936038017273,0.9726775288581848,0.9733409285545349,0.979731559753418,0.964898407459259,0.9606084227561951,0.9745508432388306,0.9767428636550903,0.9824457168579102,0.9595241546630859,0.9656646251678467,0.9720874428749084,0.973129153251648,0.9746308922767639,0.9727535247802734,0.9721176624298096,0.9811155796051025,0.9733009934425354,0.9905787110328674,0.9746638536453247,0.9785879254341125,0.9586602449417114,0.9721918702125549
0.9671947956085205,0.9775230884552002,0.9774376153945923,0.9789617657661438,0.9780822992324829,0.9774383306503296,0.9784146547317505,0.9803053736686707,0.9754230380058289,0.9689746499061584,0.9280023574829102,0.9763017892837524,0.9340319633483887,0.9748072028160095,0.9687381386756897,0.9688182473182678,0.957086980342865,0.9477246999740601,0.9491826295852661,1.0,0.9999855160713196,0.9999855160713196,0.9788260459899902,0.9801211357116699,0.9826180934906006,0.9800482988357544,0.9384759068489075,0.9733827114105225,0.9618339538574219,0.961090624332428,0.9630903601646423,0.9634096622467041,0.9482161402702332,0.983790397644043,0.9545518159866333,0.9419995546340942,0.9661822319030762,0.984097957611084,0.9637334942817688,0.9389973282814026,0.9520996809005737,0.9529606699943542,0.9631515145301819,0.9471606016159058,0.9593523144721985,0.9541350603103638,0.9546940326690674,0.9662169218063354,0.9694337844848633,0.9727351665496826,0.941620945930481,0.9402175545692444,0.9412600994110107,0.9505740404129028,0.9503399729728699,0.9480187892913818,0.9376471042633057,0.9673540592193604,0.9551491141319275,0.9451054930686951,0.9430258274078369,0.9611939191818237,0.9625108242034912,0.9521323442459106,0.980475127696991,0.978653073310852,0.9524750709533691,0.9670181274414062,0.9435093402862549,0.9533187747001648,0.9535676836967468,0.9389882683753967,0.9758270978927612,0.9533590078353882,0.9497955441474915,0.9526509642601013,0.9615669250488281,0.9633111953735352,0.9509783387184143,0.9623903036117554,0.95416259765625,0.9547692537307739,0.9833058714866638,0.9653956890106201,0.9524490833282471,0.9506866931915283,0.9480969905853271,0.9715398550033569,0.9367575645446777,0.942590594291687,0.9517045021057129,0.9530999660491943,0.9631435871124268,0.9496766924858093,0.9514654874801636,0.9541005492210388,0.9357506036758423,0.9482957124710083,0.9583113193511963,0.9767013788223267,0.9739001393318176
0.9672675728797913,0.977678656578064,0.9775933623313904,0.9791154265403748,0.9782306551933289,0.9776512384414673,0.9786325693130493,0.9805407524108887,0.9754352569580078,0.9689270853996277,0.9277627468109131,0.9763630032539368,0.9339372515678406,0.9747816324234009,0.9687230587005615,0.9687959551811218,0.9570232033729553,0.947573184967041,0.9490160942077637,0.9999855160713196,1.0,1.0,0.9788885116577148,0.980208694934845,0.9827074408531189,0.9801351428031921,0.9384405612945557,0.9734631180763245,0.9618738889694214,0.9611155986785889,0.9630869030952454,0.9634017944335938,0.9482139348983765,0.9839128255844116,0.9545949101448059,0.941939651966095,0.9662125706672668,0.9841611385345459,0.9637275338172913,0.9391605854034424,0.9522472023963928,0.9530965685844421,0.9632745981216431,0.9473593235015869,0.9594681262969971,0.9541793465614319,0.954721987247467,0.9663463234901428,0.9695947170257568,0.9726680517196655,0.941679835319519,0.940058171749115,0.9413211345672607,0.9505279064178467,0.9503062963485718,0.9482095241546631,0.9374358654022217,0.9676501154899597,0.9549872875213623,0.9449543952941895,0.9428439140319824,0.9614856839179993,0.9627971053123474,0.9522954225540161,0.9804311990737915,0.978592038154602,0.9527595043182373,0.9672197103500366,0.9437403082847595,0.9534589648246765,0.9537026882171631,0.9390089511871338,0.9761013984680176,0.9534697532653809,0.9499350190162659,0.9524710178375244,0.961827278137207,0.9635858535766602,0.9511203169822693,0.962652862071991,0.9543196558952332,0.9548841714859009,0.9834166169166565,0.9656667113304138,0.9526214599609375,0.9508355259895325,0.9481319785118103,0.9718012809753418,0.936992347240448,0.9428329467773438,0.9518899321556091,0.9532628059387207,0.9634075164794922,0.9498909711837769,0.9515383243560791,0.9543265700340271,0.9355250597000122,0.9484727382659912,0.9584972858428955,0.9768452644348145,0.9741033911705017
